MPJ Express (0.44) is started in the multicore configuration
Accuracy=1.0,
HumanEnter=0.007796004,
StorageInstantiate=0.015666660,
HumanExit=0.008216003,
StorageReturn=0.004233336,
HandIn=0.007718181,
HandOut=0.007038377,
StorageUpdate=0.002134798,
averageLatencyEvent=0.007543337,
averageLatency=0.004594774,
